[0.7996342494643877  0.0973164478831683  0.10304930265244411]
[0.7993327938703622  0.0958470571932997  0.10482014910349069]
[0.8001298536331132  0.10017430227444526 0.09969584409244159]
[0.8000794721699032  0.10019266501435965 0.09972786283459383]
[0.8001080805941218  0.10019446465534285 0.09969745645125726]
[0.80015683276906    0.10007501584658764 0.09976815142392328]
[0.7989641438057746  0.09984759501151326 0.10118835770270576]
[0.8003537844401757  0.101114906612167   0.09853131187201188]
[0.8001162502902508  0.1001900200541659  0.09969373030147845]
[0.8001608151382383  0.10003116183748227 0.09980802403986931]
[6.7700392825212852e-01 3.2299607532212632e-01 4.7022000940611445e-12]
[0.799999237766464   0.10000085751272804 0.10000085751272804]
[0.7976572236810223  0.10166112478572584 0.10068165253325197]
[0.8001949229069091  0.09990253854654549 0.09990253854654549]
[0.8 0.1 0.1]
[0.8 0.1 0.1]
[0.8002203483631384  0.09985013086099162 0.09993249555201825]
[0.8 0.1 0.1]
[0.8000014375399978  0.1000064689299898  0.09999928123000114]
[0.7992195986651125  0.09990232483313906 0.10087853935436383]
[0.799992 0.100009 0.100009]
[0.8 0.1 0.1]
[0.8 0.1 0.1]
[0.8 0.1 0.1]
[0.8 0.1 0.1]
[0.8 0.1 0.1]
[0.8 0.1 0.1]
[0.8 0.1 0.1]
[0.8 0.1 0.1]
[0.8 0.1 0.1]
[0.8 0.1 0.1]
[0.8 0.1 0.1]
[0.8 0.1 0.1]
[0.8 0.1 0.1]
[0.8 0.1 0.1]
[0.8 0.1 0.1]
[0.8 0.1 0.1]
[0.8 0.1 0.1]
[0.8001923725636422  0.09990381371817893 0.09990391371817893]
[0.8 0.1 0.1]
[0.8 0.1 0.1]
[0.8001951013043705  0.09990244934781474 0.09990244934781474]
[0.8 0.1 0.1]
[0.8 0.1 0.1]
[0.8 0.1 0.1]
[0.8 0.1 0.1]
[0.8 0.1 0.1]
[0.8 0.1 0.1]
[0.8 0.1 0.1]
[0.8 0.1 0.1]
[0.8 0.1 0.1]
[0.8 0.1 0.1]
[0.8 0.1 0.1]
[0.8 0.1 0.1]
[0.8 0.1 0.1]
[0.8 0.1 0.1]
[0.8 0.1 0.1]
[0.7999926052417323  0.10000831910305116 0.10000831910305116]
[0.8 0.1 0.1]
[0.8 0.1 0.1]
[0.8 0.1 0.1]
[0.8 0.1 0.1]
[0.8 0.1 0.1]
[0.8001901403408274  0.09990492982958638 0.09990492982958638]
[0.8 0.1 0.1]
[0.8 0.1 0.1]
[0.8 0.1 0.1]
[0.8 0.1 0.1]
[0.8 0.1 0.1]
[0.8 0.1 0.1]
[0.8 0.1 0.1]
[0.8 0.1 0.1]
[0.8 0.1 0.1]
[0.8 0.1 0.1]
[0.8003838661504148  0.09981074170886324 0.09981084161120746]
[0.8 0.1 0.1]
[0.8 0.1 0.1]
[0.8 0.1 0.1]
[0.8 0.1 0.1]
[0.8 0.1 0.1]
[0.8 0.1 0.1]
[0.8 0.1 0.1]
[0.8 0.1 0.1]
[0.8 0.1 0.1]
[0.8 0.1 0.1]
[0.8 0.1 0.1]
[0.8 0.1 0.1]
[0.8 0.1 0.1]
[0.8 0.1 0.1]
[0.8 0.1 0.1]
[0.8 0.1 0.1]
[0.8 0.1 0.1]
[0.8 0.1 0.1]
[0.8 0.1 0.1]
[0.8 0.1 0.1]
[0.8 0.1 0.1]
[0.8 0.1 0.1]
[0.8 0.1 0.1]
[0.8 0.1 0.1]
[0.8 0.1 0.1]
[0.8 0.1 0.1]
[0.8 0.1 0.1]
[0.8 0.1 0.1]
[0.8 0.1 0.1]
[0.8 0.1 0.1]
[0.8 0.1 0.1]
[0.8 0.1 0.1]
[0.8 0.1 0.1]
[0.8 0.1 0.1]
[0.8 0.1 0.1]
[0.8 0.1 0.1]
[0.8 0.1 0.1]
[0.8 0.1 0.1]
[0.8 0.1 0.1]
[0.8 0.1 0.1]
[0.8 0.1 0.1]
[0.8 0.1 0.1]
[0.8 0.1 0.1]
[0.8 0.1 0.1]
[0.8 0.1 0.1]
[0.8 0.1 0.1]
[0.8 0.1 0.1]
[0.8 0.1 0.1]
[0.8 0.1 0.1]
[0.8 0.1 0.1]
[0.8 0.1 0.1]
[0.8 0.1 0.1]
[0.8 0.1 0.1]
[0.8 0.1 0.1]
[0.8 0.1 0.1]
[0.8 0.1 0.1]
[0.8 0.1 0.1]
[0.8 0.1 0.1]
[0.8 0.1 0.1]
[0.8 0.1 0.1]
[0.8 0.1 0.1]
[0.8 0.1 0.1]
[0.8 0.1 0.1]
[0.8 0.1 0.1]
[0.8 0.1 0.1]
[0.8 0.1 0.1]
[0.8 0.1 0.1]
[0.8 0.1 0.1]
[0.8 0.1 0.1]
[0.8 0.1 0.1]
[0.8 0.1 0.1]
[0.8 0.1 0.1]
[0.8 0.1 0.1]
[0.8 0.1 0.1]
[0.8 0.1 0.1]
[0.8 0.1 0.1]
[0.8 0.1 0.1]
[0.8 0.1 0.1]
[0.8 0.1 0.1]
[0.8 0.1 0.1]
[0.8 0.1 0.1]
[0.8 0.1 0.1]
[0.8 0.1 0.1]
[0.8 0.1 0.1]
[0.8 0.1 0.1]
[0.8 0.1 0.1]
[0.8 0.1 0.1]
[0.8 0.1 0.1]
[0.8 0.1 0.1]
[0.8 0.1 0.1]
[0.8 0.1 0.1]
[0.8001881290727986 0.0999064124831877 0.0999064124831877]
[0.8 0.1 0.1]
[0.8 0.1 0.1]
[0.8 0.1 0.1]
[0.8 0.1 0.1]
[0.8 0.1 0.1]
[0.8 0.1 0.1]
[0.8 0.1 0.1]
[0.8 0.1 0.1]
[0.8 0.1 0.1]
[0.8 0.1 0.1]
[0.8 0.1 0.1]
[0.8 0.1 0.1]
[0.8 0.1 0.1]
[0.8 0.1 0.1]
[0.8 0.1 0.1]
[0.8 0.1 0.1]
[0.8 0.1 0.1]
[0.8 0.1 0.1]
[0.8 0.1 0.1]
[0.8 0.1 0.1]
[0.8 0.1 0.1]
[0.8 0.1 0.1]
[0.8 0.1 0.1]
[0.8 0.1 0.1]
[0.8 0.1 0.1]
[0.8 0.1 0.1]
[0.8 0.1 0.1]
[0.8 0.1 0.1]
[0.8 0.1 0.1]
[0.8 0.1 0.1]
[0.8 0.1 0.1]
[0.8 0.1 0.1]
[0.8 0.1 0.1]
[0.8 0.1 0.1]
[0.8 0.1 0.1]
[0.8 0.1 0.1]
[0.8 0.1 0.1]
[0.8 0.1 0.1]
[0.8 0.1 0.1]
[0.8 0.1 0.1]
[0.799218743009987   0.09990234287624837 0.10087891411376475]
[0.8 0.1 0.1]
[0.8 0.1 0.1]
[0.8 0.1 0.1]
[0.8 0.1 0.1]
[0.8 0.1 0.1]
[0.8 0.1 0.1]
[0.8 0.1 0.1]
[0.8 0.1 0.1]
[0.8 0.1 0.1]
[0.8 0.1 0.1]
[0.8 0.1 0.1]
[0.8 0.1 0.1]
[0.8 0.1 0.1]
[0.8 0.1 0.1]
[0.8 0.1 0.1]
[0.8 0.1 0.1]
[0.8 0.1 0.1]
[0.8 0.1 0.1]
[0.8 0.1 0.1]
[0.8 0.1 0.1]
[0.7992186989062925  0.09990233736328656 0.10087896373042099]
[0.8 0.1 0.1]
[0.8 0.1 0.1]
[0.8 0.1 0.1]
[0.8 0.1 0.1]
[0.8 0.1 0.1]
[0.8 0.1 0.1]
[0.8 0.1 0.1]
[0.8 0.1 0.1]
[0.8 0.1 0.1]
[0.8 0.1 0.1]
[0.8 0.1 0.1]
[0.8 0.1 0.1]
[0.8 0.1 0.1]
[0.8 0.1 0.1]
[0.8 0.1 0.1]
[0.8 0.1 0.1]
[0.8 0.1 0.1]
[0.8 0.1 0.1]
[0.8 0.1 0.1]
[0.8 0.1 0.1]
[0.8 0.1 0.1]
[0.8 0.1 0.1]
[0.8 0.1 0.1]
[0.8 0.1 0.1]
[0.8 0.1 0.1]
[0.8 0.1 0.1]
[0.8 0.1 0.1]
[0.8 0.1 0.1]
[0.8 0.1 0.1]
[0.8 0.1 0.1]
[0.8 0.1 0.1]
[0.8 0.1 0.1]
[0.8 0.1 0.1]
[0.8 0.1 0.1]
[0.8 0.1 0.1]
[0.8 0.1 0.1]
[0.8 0.1 0.1]
[0.8 0.1 0.1]
[0.8 0.1 0.1]
[0.8 0.1 0.1]
[0.8 0.1 0.1]
[0.8 0.1 0.1]
[0.8 0.1 0.1]
[0.8 0.1 0.1]
[0.8 0.1 0.1]
[0.8 0.1 0.1]
[0.8 0.1 0.1]
[0.8 0.1 0.1]
[0.8 0.1 0.1]
[0.8 0.1 0.1]
[0.7992190265373557  0.09990237831716946 0.10087859514547491]
[0.8 0.1 0.1]
[0.8 0.1 0.1]
[0.8 0.1 0.1]
[0.8 0.1 0.1]
[0.8 0.1 0.1]
[0.8 0.1 0.1]
[0.8 0.1 0.1]
[0.8 0.1 0.1]
[0.8 0.1 0.1]
[0.8 0.1 0.1]
[0.8 0.1 0.1]
[0.8 0.1 0.1]
[0.8 0.1 0.1]
[0.8 0.1 0.1]
[0.8 0.1 0.1]
[0.8000001734631398  0.10000078058412903 0.09999991326843011]
[0.8 0.1 0.1]
[0.8 0.1 0.1]
[0.8 0.1 0.1]
[0.8 0.1 0.1]
[0.8 0.1 0.1]
[0.8 0.1 0.1]
[0.8 0.1 0.1]
[0.8 0.1 0.1]
[0.8 0.1 0.1]
[0.8 0.1 0.1]
[0.8 0.1 0.1]
[0.8 0.1 0.1]
[0.8 0.1 0.1]
[0.8 0.1 0.1]
[0.8 0.1 0.1]
[0.8 0.1 0.1]
[0.8 0.1 0.1]
[0.8 0.1 0.1]
[0.8 0.1 0.1]
[0.8 0.1 0.1]
[0.8 0.1 0.1]
[0.8 0.1 0.1]
[0.8001940256760205 0.0999029871619898 0.0999029871619898]
[0.8 0.1 0.1]
[0.8 0.1 0.1]
[0.8 0.1 0.1]
[0.8 0.1 0.1]
[0.8 0.1 0.1]
[0.8 0.1 0.1]
[0.8 0.1 0.1]
[0.8 0.1 0.1]
[0.8 0.1 0.1]
[0.8 0.1 0.1]
[0.8 0.1 0.1]
[0.8 0.1 0.1]
[0.8001952085229084  0.09990239573854584 0.09990239573854584]
[0.8 0.1 0.1]
[0.8 0.1 0.1]
[0.8 0.1 0.1]
[0.8 0.1 0.1]
[0.8 0.1 0.1]
[0.8001960944580234  0.09990195277098833 0.09990195277098833]
[0.8 0.1 0.1]
[0.8 0.1 0.1]
[0.8 0.1 0.1]
[0.8 0.1 0.1]
[0.8 0.1 0.1]
[0.8 0.1 0.1]
[0.8 0.1 0.1]
[0.8 0.1 0.1]
[0.8 0.1 0.1]
[0.7992177228937561  0.09990221536171952 0.10088006174452438]
[0.8 0.1 0.1]
[0.8 0.1 0.1]
[0.8 0.1 0.1]
[0.8 0.1 0.1]
[0.8 0.1 0.1]
[0.8 0.1 0.1]
[0.8001948124681459  0.09990259376592708 0.09990259376592708]
[0.8 0.1 0.1]
[0.8 0.1 0.1]
[0.8 0.1 0.1]
[0.8 0.1 0.1]
[0.8 0.1 0.1]
[0.8 0.1 0.1]
[0.8 0.1 0.1]
[0.8 0.1 0.1]
[0.8 0.1 0.1]
[0.8 0.1 0.1]
[0.8 0.1 0.1]
[0.8 0.1 0.1]
[0.8 0.1 0.1]
[0.8 0.1 0.1]
[0.8 0.1 0.1]
[0.8 0.1 0.1]
[0.8 0.1 0.1]
[0.8 0.1 0.1]
[0.8 0.1 0.1]
[0.8 0.1 0.1]
[0.8 0.1 0.1]
[0.8 0.1 0.1]
[0.8 0.1 0.1]
[0.8 0.1 0.1]
[0.8 0.1 0.1]
[0.8 0.1 0.1]
[0.8001951118082248  0.09990244409588764 0.09990244409588764]
[0.8 0.1 0.1]
[0.8 0.1 0.1]
[0.8 0.1 0.1]
[0.8 0.1 0.1]
[0.8 0.1 0.1]
[0.8 0.1 0.1]
[0.8 0.1 0.1]
[0.8 0.1 0.1]
[0.8 0.1 0.1]
[0.8 0.1 0.1]
[0.8 0.1 0.1]
[0.8 0.1 0.1]
[0.8 0.1 0.1]
[0.8 0.1 0.1]
[0.8 0.1 0.1]
[0.8 0.1 0.1]
[0.8 0.1 0.1]
[0.8 0.1 0.1]
[0.8 0.1 0.1]
[0.7992188862374803  0.09990236077968503 0.1008787529828347 ]
[0.8 0.1 0.1]
[0.8 0.1 0.1]
[0.8 0.1 0.1]
[0.8 0.1 0.1]
[0.8 0.1 0.1]
[0.8 0.1 0.1]
[0.8 0.1 0.1]
[0.8 0.1 0.1]
[0.8 0.1 0.1]
[0.8 0.1 0.1]
[0.8 0.1 0.1]
[0.8 0.1 0.1]
[0.8 0.1 0.1]
[0.8 0.1 0.1]
[0.8 0.1 0.1]
[0.8 0.1 0.1]
[0.8 0.1 0.1]
[0.8 0.1 0.1]
[0.8 0.1 0.1]
[0.8 0.1 0.1]
[0.8 0.1 0.1]
[0.8 0.1 0.1]
[0.8 0.1 0.1]
[0.8 0.1 0.1]
[0.8 0.1 0.1]
[0.8 0.1 0.1]
[0.8 0.1 0.1]
[0.8 0.1 0.1]
[0.8 0.1 0.1]
[0.8 0.1 0.1]
[0.8 0.1 0.1]
[0.8 0.1 0.1]
[0.8 0.1 0.1]
[0.8 0.1 0.1]
[0.8 0.1 0.1]
[0.8 0.1 0.1]
[0.8 0.1 0.1]
[0.8 0.1 0.1]
[0.8 0.1 0.1]
[0.8 0.1 0.1]
[0.8 0.1 0.1]
[0.8 0.1 0.1]
[0.8 0.1 0.1]
[0.8 0.1 0.1]
[0.8 0.1 0.1]
[0.8 0.1 0.1]
[0.8 0.1 0.1]
[0.8 0.1 0.1]
[0.8 0.1 0.1]
[0.8 0.1 0.1]
[0.8 0.1 0.1]
[0.8 0.1 0.1]
[0.8 0.1 0.1]
[0.8 0.1 0.1]
[0.8 0.1 0.1]
[0.8 0.1 0.1]
[0.8 0.1 0.1]
[0.8 0.1 0.1]
[0.8 0.1 0.1]
[0.7992184301151498  0.09990230376439373 0.10087926612045651]
[0.8 0.1 0.1]
[0.8 0.1 0.1]
[0.8 0.1 0.1]
[0.8 0.1 0.1]
[0.8 0.1 0.1]
[0.8 0.1 0.1]
[0.8 0.1 0.1]
[0.8 0.1 0.1]
[0.8 0.1 0.1]
[0.8 0.1 0.1]
[0.8 0.1 0.1]
[0.8 0.1 0.1]
[0.8 0.1 0.1]
[0.8 0.1 0.1]
[0.8 0.1 0.1]
[0.8 0.1 0.1]
[0.8 0.1 0.1]
[0.8 0.1 0.1]
[0.8 0.1 0.1]
[0.8 0.1 0.1]
[0.8 0.1 0.1]
[0.8 0.1 0.1]
[0.8 0.1 0.1]
[0.8 0.1 0.1]
[0.8 0.1 0.1]
[0.8 0.1 0.1]
[0.8 0.1 0.1]
[0.8 0.1 0.1]
[0.8 0.1 0.1]
[0.8 0.1 0.1]
[0.8 0.1 0.1]
[0.8 0.1 0.1]
[0.8 0.1 0.1]
[0.8 0.1 0.1]
[0.8 0.1 0.1]
[0.8 0.1 0.1]
[0.8 0.1 0.1]
[0.8 0.1 0.1]
[0.8 0.1 0.1]
[0.8 0.1 0.1]
[0.8 0.1 0.1]
[0.8 0.1 0.1]
[0.8 0.1 0.1]
[0.8 0.1 0.1]
[0.8 0.1 0.1]
[0.8 0.1 0.1]
[0.8 0.1 0.1]
[0.8 0.1 0.1]
[0.8 0.1 0.1]
[0.8 0.1 0.1]
[0.8 0.1 0.1]
[0.8 0.1 0.1]
[0.8 0.1 0.1]
[0.8 0.1 0.1]
[0.8 0.1 0.1]
[0.8 0.1 0.1]
[0.8 0.1 0.1]
[0.8 0.1 0.1]
[0.8 0.1 0.1]
[0.8 0.1 0.1]
[0.8 0.1 0.1]
[0.8 0.1 0.1]
[0.8 0.1 0.1]
[0.8 0.1 0.1]
[0.8 0.1 0.1]
[0.8 0.1 0.1]
[0.8 0.1 0.1]
[0.8 0.1 0.1]
[0.8 0.1 0.1]
[0.8 0.1 0.1]
[0.8 0.1 0.1]
[0.8 0.1 0.1]
[0.8 0.1 0.1]
[0.8 0.1 0.1]
[0.8 0.1 0.1]
[0.8 0.1 0.1]
[0.8 0.1 0.1]
[0.7999914504780202  0.10000961821222731 0.10000961821222731]
[0.8 0.1 0.1]
[0.8 0.1 0.1]
[0.8 0.1 0.1]
[0.8 0.1 0.1]
[0.8 0.1 0.1]
[0.8 0.1 0.1]
[0.8 0.1 0.1]
[0.8 0.1 0.1]
[0.8 0.1 0.1]
[0.8 0.1 0.1]
[0.8 0.1 0.1]
[0.8 0.1 0.1]
[0.8 0.1 0.1]
[0.8 0.1 0.1]
[0.8 0.1 0.1]
[0.8 0.1 0.1]
[0.8 0.1 0.1]
[0.8 0.1 0.1]
[0.8 0.1 0.1]
[0.8 0.1 0.1]
[0.8 0.1 0.1]
[0.8 0.1 0.1]
[0.8 0.1 0.1]
[0.8 0.1 0.1]
[0.8 0.1 0.1]
[0.8000001549512884  0.10000069728079766 0.09999992252435583]
[0.8 0.1 0.1]
[0.8 0.1 0.1]
[0.8 0.1 0.1]
[0.8 0.1 0.1]
[0.8 0.1 0.1]
[0.8 0.1 0.1]
[0.8 0.1 0.1]
[0.8 0.1 0.1]
[0.8 0.1 0.1]
[0.8 0.1 0.1]
[0.8 0.1 0.1]
[0.8 0.1 0.1]
[0.8 0.1 0.1]
[0.8 0.1 0.1]
[0.8 0.1 0.1]
[0.8 0.1 0.1]
[0.8 0.1 0.1]
[0.8 0.1 0.1]
[0.8 0.1 0.1]
[0.8 0.1 0.1]
[0.8 0.1 0.1]
[0.8 0.1 0.1]
[0.8 0.1 0.1]
[0.8 0.1 0.1]
[0.8 0.1 0.1]
[0.8 0.1 0.1]
[0.8 0.1 0.1]
[0.8 0.1 0.1]
[0.8 0.1 0.1]
[0.8 0.1 0.1]
[0.8 0.1 0.1]
[0.8 0.1 0.1]
[0.8 0.1 0.1]
[0.8 0.1 0.1]
[0.8000001773061097  0.10000079787749355 0.09999991134694516]
[0.8 0.1 0.1]
[0.8 0.1 0.1]
[0.8 0.1 0.1]
[0.8 0.1 0.1]
[0.8 0.1 0.1]
[0.8 0.1 0.1]
[0.8 0.1 0.1]
[0.8 0.1 0.1]
[0.8 0.1 0.1]
[0.8 0.1 0.1]
[0.8 0.1 0.1]
[0.8 0.1 0.1]
[0.8 0.1 0.1]
[0.8 0.1 0.1]
[0.8 0.1 0.1]
[0.8 0.1 0.1]
[0.8 0.1 0.1]
[0.8 0.1 0.1]
[0.8 0.1 0.1]
[0.8 0.1 0.1]
[0.8 0.1 0.1]
[0.8 0.1 0.1]
[0.8 0.1 0.1]
[0.8 0.1 0.1]
[0.8 0.1 0.1]
[0.7992198543928315  0.09990248179910394 0.10087766380806457]
[0.8 0.1 0.1]
[0.8 0.1 0.1]
[0.8 0.1 0.1]
[0.8 0.1 0.1]
[0.8 0.1 0.1]
[0.8 0.1 0.1]
[0.8 0.1 0.1]
[0.8 0.1 0.1]
[0.8 0.1 0.1]
[0.8 0.1 0.1]
[0.8 0.1 0.1]
[0.8 0.1 0.1]
[0.8 0.1 0.1]
[0.8 0.1 0.1]
[0.8 0.1 0.1]
[0.8 0.1 0.1]
[0.8 0.1 0.1]
[0.8 0.1 0.1]
[0.8 0.1 0.1]
[0.8 0.1 0.1]
[0.8 0.1 0.1]
[0.8 0.1 0.1]
[0.8 0.1 0.1]
[0.8 0.1 0.1]
[0.8 0.1 0.1]
[0.8 0.1 0.1]
[0.8 0.1 0.1]
[0.8 0.1 0.1]
[0.8 0.1 0.1]
[0.8 0.1 0.1]
[0.8 0.1 0.1]
[0.8 0.1 0.1]
[0.8 0.1 0.1]
[0.8 0.1 0.1]
[0.8 0.1 0.1]
[0.8 0.1 0.1]
[0.8 0.1 0.1]
[0.8 0.1 0.1]
[0.8 0.1 0.1]
[0.8 0.1 0.1]
[0.8 0.1 0.1]
[0.8 0.1 0.1]
[0.8 0.1 0.1]
[0.8 0.1 0.1]
[0.8 0.1 0.1]
[0.8 0.1 0.1]
[0.8 0.1 0.1]
[0.7992188047442021  0.09990235059302527 0.10087884466277265]
[0.8 0.1 0.1]
[0.8 0.1 0.1]
[0.8 0.1 0.1]
[0.8 0.1 0.1]
[0.8 0.1 0.1]
[0.8 0.1 0.1]
[0.8 0.1 0.1]
[0.8 0.1 0.1]
[0.8 0.1 0.1]
[0.8 0.1 0.1]
[0.8 0.1 0.1]
[0.8 0.1 0.1]
[0.8 0.1 0.1]
[0.8 0.1 0.1]
[0.8 0.1 0.1]
[0.8 0.1 0.1]
[0.8 0.1 0.1]
[0.8 0.1 0.1]
[0.8 0.1 0.1]
[0.8 0.1 0.1]
[0.8 0.1 0.1]
[0.8 0.1 0.1]
[0.8 0.1 0.1]
[0.8 0.1 0.1]
[0.8 0.1 0.1]
[0.8 0.1 0.1]
[0.8 0.1 0.1]
[0.8 0.1 0.1]
[0.8 0.1 0.1]
[0.8 0.1 0.1]
[0.8 0.1 0.1]
[0.8 0.1 0.1]
[0.8 0.1 0.1]
[0.8 0.1 0.1]
[0.8 0.1 0.1]
[0.8 0.1 0.1]
[0.8 0.1 0.1]
[0.8 0.1 0.1]
[0.8 0.1 0.1]
[0.8 0.1 0.1]
[0.8 0.1 0.1]
[0.8 0.1 0.1]
[0.8 0.1 0.1]
[0.8 0.1 0.1]
[0.8 0.1 0.1]
[0.8 0.1 0.1]
[0.8 0.1 0.1]
[0.8 0.1 0.1]
[0.8 0.1 0.1]
[0.8 0.1 0.1]
[0.8 0.1 0.1]
[0.8 0.1 0.1]
[0.8 0.1 0.1]
[0.8 0.1 0.1]
[0.8 0.1 0.1]
[0.8 0.1 0.1]
[0.8 0.1 0.1]
[0.8003903303198074  0.09980483484009636 0.09980483484009636]
[0.8 0.1 0.1]
[0.8 0.1 0.1]
[0.8 0.1 0.1]
[0.8 0.1 0.1]
[0.7999988059966632  0.10000134325375397 0.10000134325375397]
[0.8 0.1 0.1]
[0.8 0.1 0.1]
[0.8 0.1 0.1]
[0.8 0.1 0.1]
[0.8 0.1 0.1]
[0.8 0.1 0.1]
[0.8 0.1 0.1]
[0.8 0.1 0.1]
[0.8 0.1 0.1]
[0.8 0.1 0.1]
[0.8 0.1 0.1]
[0.8 0.1 0.1]
[0.8 0.1 0.1]
[0.8 0.1 0.1]
[0.8 0.1 0.1]
[0.8 0.1 0.1]
[0.8 0.1 0.1]
[0.8 0.1 0.1]
[0.8 0.1 0.1]
[0.8 0.1 0.1]
[0.8 0.1 0.1]
[0.8 0.1 0.1]
[0.8 0.1 0.1]
[0.8 0.1 0.1]
[0.8 0.1 0.1]
[0.8 0.1 0.1]
[0.8 0.1 0.1]
[0.8 0.1 0.1]
[0.8 0.1 0.1]
[0.8 0.1 0.1]
[0.8 0.1 0.1]
[0.8 0.1 0.1]
[0.8 0.1 0.1]
[0.8 0.1 0.1]
[0.8 0.1 0.1]
[0.8 0.1 0.1]
[0.8 0.1 0.1]
[0.8 0.1 0.1]
[0.8 0.1 0.1]
[0.8 0.1 0.1]
[0.8 0.1 0.1]
[0.8 0.1 0.1]
[0.8 0.1 0.1]
[0.8 0.1 0.1]
[0.8 0.1 0.1]
[0.8 0.1 0.1]
[0.8 0.1 0.1]
[0.8 0.1 0.1]
[0.8 0.1 0.1]
[0.8 0.1 0.1]
[0.8 0.1 0.1]
[0.8 0.1 0.1]
[0.8 0.1 0.1]
[0.8 0.1 0.1]
[0.8 0.1 0.1]
[0.8 0.1 0.1]
[0.8 0.1 0.1]
[0.8 0.1 0.1]
[0.8 0.1 0.1]
[0.8 0.1 0.1]
[0.8 0.1 0.1]
[0.8 0.1 0.1]
[0.8 0.1 0.1]
[0.8 0.1 0.1]
[0.8 0.1 0.1]
[0.8 0.1 0.1]
[0.8 0.1 0.1]
[0.8 0.1 0.1]
[0.8 0.1 0.1]
[0.8 0.1 0.1]
[0.8 0.1 0.1]
[0.8 0.1 0.1]
[0.8 0.1 0.1]
[0.8 0.1 0.1]
[0.8 0.1 0.1]
[0.8 0.1 0.1]
[0.8 0.1 0.1]
[0.8 0.1 0.1]
[0.8 0.1 0.1]
[0.8 0.1 0.1]
[0.8 0.1 0.1]
[0.8 0.1 0.1]
[0.8 0.1 0.1]
[0.8 0.1 0.1]
[0.8 0.1 0.1]
[0.8 0.1 0.1]
[0.8 0.1 0.1]
[0.8 0.1 0.1]
[0.8 0.1 0.1]
[0.8 0.1 0.1]
[0.8 0.1 0.1]
[0.8 0.1 0.1]
[0.8 0.1 0.1]
[0.8 0.1 0.1]
[0.8 0.1 0.1]
[0.8 0.1 0.1]
[0.8 0.1 0.1]
[0.8 0.1 0.1]
[0.8 0.1 0.1]
[0.8 0.1 0.1]
[0.8 0.1 0.1]
[0.8 0.1 0.1]
[0.8 0.1 0.1]
[0.8 0.1 0.1]
[0.8 0.1 0.1]
[0.8 0.1 0.1]
[0.8 0.1 0.1]
[0.8 0.1 0.1]
[0.8 0.1 0.1]
[0.8 0.1 0.1]
[0.8 0.1 0.1]
[0.8 0.1 0.1]
[0.8 0.1 0.1]
[0.8 0.1 0.1]
[0.8 0.1 0.1]
[0.8 0.1 0.1]
[0.8 0.1 0.1]
[0.8 0.1 0.1]
[0.8 0.1 0.1]
[0.8 0.1 0.1]
[0.8 0.1 0.1]
[0.8 0.1 0.1]
[0.8 0.1 0.1]
[0.8 0.1 0.1]
[0.8 0.1 0.1]
[0.8 0.1 0.1]
[0.8 0.1 0.1]
[0.8 0.1 0.1]
[0.8001893238570531  0.09990533807147346 0.09990533807147346]
[0.8 0.1 0.1]
[0.8 0.1 0.1]
[0.8 0.1 0.1]
[0.8 0.1 0.1]
[0.8 0.1 0.1]
[0.8 0.1 0.1]
[0.8 0.1 0.1]
[0.8 0.1 0.1]
[0.8 0.1 0.1]
[0.8 0.1 0.1]
[0.8 0.1 0.1]
[0.8 0.1 0.1]
[0.8 0.1 0.1]
[0.8 0.1 0.1]
[0.8 0.1 0.1]
[0.8 0.1 0.1]
[0.8 0.1 0.1]
[0.8 0.1 0.1]
[0.8 0.1 0.1]
[0.8 0.1 0.1]
[0.8 0.1 0.1]
[0.8 0.1 0.1]
[0.8 0.1 0.1]
[0.8 0.1 0.1]
[0.8 0.1 0.1]
[0.8 0.1 0.1]
[0.8 0.1 0.1]
[0.8000001802820301  0.10000081126913535 0.09999990985898496]
[0.8 0.1 0.1]
[0.8 0.1 0.1]
[0.8 0.1 0.1]
[0.8 0.1 0.1]
[0.800000220043822   0.1000009901971985  0.09999988997808906]
[0.8 0.1 0.1]
[0.8 0.1 0.1]
[0.8 0.1 0.1]
[0.8 0.1 0.1]
[0.8 0.1 0.1]
[0.8 0.1 0.1]
[0.8 0.1 0.1]
[0.8 0.1 0.1]
[0.8 0.1 0.1]
[0.8 0.1 0.1]
[0.8 0.1 0.1]
[0.8 0.1 0.1]
[0.8 0.1 0.1]
[0.8 0.1 0.1]
[0.8 0.1 0.1]
[0.8 0.1 0.1]
[0.8 0.1 0.1]
[0.8 0.1 0.1]
[0.8 0.1 0.1]
[0.8 0.1 0.1]
[0.8 0.1 0.1]
[0.8 0.1 0.1]
[0.8 0.1 0.1]
[0.8 0.1 0.1]
[0.8 0.1 0.1]
[0.8 0.1 0.1]
[0.8 0.1 0.1]
[0.8 0.1 0.1]
[0.8 0.1 0.1]
[0.8 0.1 0.1]
[0.8 0.1 0.1]
[0.8 0.1 0.1]
[0.8 0.1 0.1]
[0.8 0.1 0.1]
[0.8 0.1 0.1]
[0.8 0.1 0.1]
[0.8 0.1 0.1]
[0.8 0.1 0.1]
[0.8 0.1 0.1]
[0.8 0.1 0.1]
[0.8 0.1 0.1]
[0.8 0.1 0.1]
[0.8 0.1 0.1]
[0.8 0.1 0.1]
[0.8 0.1 0.1]
[0.8001948599811503  0.09990257000942493 0.09990257000942493]
[0.8 0.1 0.1]
[0.8 0.1 0.1]
[0.8 0.1 0.1]
[0.8 0.1 0.1]
[0.8 0.1 0.1]
[0.8 0.1 0.1]
[0.8 0.1 0.1]
[0.8 0.1 0.1]
[0.8 0.1 0.1]
[0.8 0.1 0.1]
[0.8 0.1 0.1]
[0.8 0.1 0.1]
[0.8 0.1 0.1]
[0.8 0.1 0.1]
[0.8 0.1 0.1]
[0.8 0.1 0.1]
[0.8 0.1 0.1]
[0.8 0.1 0.1]
[0.8 0.1 0.1]
[0.8 0.1 0.1]
[0.8 0.1 0.1]
[0.8 0.1 0.1]
[0.8 0.1 0.1]
[0.8 0.1 0.1]
[0.8 0.1 0.1]
[0.8 0.1 0.1]
[0.8 0.1 0.1]
[0.8 0.1 0.1]
[0.8 0.1 0.1]
[0.8 0.1 0.1]
[0.8 0.1 0.1]
[0.8 0.1 0.1]
[0.8 0.1 0.1]
[0.799218458655302   0.09990230733191276 0.10087923401278526]
[0.8 0.1 0.1]
[0.8 0.1 0.1]
[0.8 0.1 0.1]
[0.8 0.1 0.1]
[0.8 0.1 0.1]
[0.8 0.1 0.1]
[0.8 0.1 0.1]
[0.8 0.1 0.1]
[0.8 0.1 0.1]
[0.8 0.1 0.1]
[0.8 0.1 0.1]
[0.8 0.1 0.1]
[0.8 0.1 0.1]
[0.8 0.1 0.1]
[0.8 0.1 0.1]
[0.8 0.1 0.1]
[0.8 0.1 0.1]
[0.8 0.1 0.1]
[0.8 0.1 0.1]
[0.8 0.1 0.1]
[0.8 0.1 0.1]
[0.8 0.1 0.1]
[0.8 0.1 0.1]
[0.8 0.1 0.1]
[0.8 0.1 0.1]
[0.8 0.1 0.1]
[0.8 0.1 0.1]
[0.8 0.1 0.1]
[0.8 0.1 0.1]
[0.8 0.1 0.1]
[0.8 0.1 0.1]
[0.8 0.1 0.1]
[0.8 0.1 0.1]
[0.8 0.1 0.1]
[0.8000004726398353  0.10000212687925891 0.09999976368008234]
[0.8 0.1 0.1]
[0.8 0.1 0.1]
[0.8 0.1 0.1]
[0.8 0.1 0.1]
[0.8 0.1 0.1]
[0.8 0.1 0.1]
[0.8 0.1 0.1]
[0.8 0.1 0.1]
[0.8 0.1 0.1]
[0.8 0.1 0.1]
[0.8 0.1 0.1]
[0.8 0.1 0.1]
[0.8 0.1 0.1]
[0.8 0.1 0.1]
[0.7999941394334834  0.10000659313733122 0.10000659313733122]
[0.8 0.1 0.1]
[0.8 0.1 0.1]
[0.8 0.1 0.1]
[0.8 0.1 0.1]
[0.8 0.1 0.1]
[0.8 0.1 0.1]
[0.8 0.1 0.1]
[0.8 0.1 0.1]
[0.8 0.1 0.1]
[0.8 0.1 0.1]
[0.8 0.1 0.1]
[0.8 0.1 0.1]
[0.8 0.1 0.1]
[0.8 0.1 0.1]
[0.8 0.1 0.1]
[0.8 0.1 0.1]
[0.8 0.1 0.1]
[0.8 0.1 0.1]
[0.8 0.1 0.1]
[0.8 0.1 0.1]
[0.8 0.1 0.1]
[0.8 0.1 0.1]
[0.8 0.1 0.1]
[0.8 0.1 0.1]
[0.8 0.1 0.1]
[0.8 0.1 0.1]
[0.8 0.1 0.1]
[0.8 0.1 0.1]
[0.8 0.1 0.1]
[0.8 0.1 0.1]
[0.8 0.1 0.1]
[0.8 0.1 0.1]
[0.8 0.1 0.1]
[0.8 0.1 0.1]
[0.8 0.1 0.1]
[0.8 0.1 0.1]
[0.8 0.1 0.1]
[0.8001951850854269  0.09990240745728658 0.09990240745728658]
[0.8 0.1 0.1]
[0.8 0.1 0.1]
[0.8 0.1 0.1]
[0.8 0.1 0.1]
[0.8 0.1 0.1]
[0.8 0.1 0.1]
[0.8 0.1 0.1]
[0.8 0.1 0.1]
[0.8 0.1 0.1]
[0.8 0.1 0.1]
[0.8 0.1 0.1]
[0.8 0.1 0.1]
[0.8 0.1 0.1]
[0.8 0.1 0.1]
[0.8 0.1 0.1]
[0.8 0.1 0.1]
[0.8 0.1 0.1]
[0.8 0.1 0.1]
[0.8 0.1 0.1]
[0.8 0.1 0.1]
[0.8 0.1 0.1]
[0.8 0.1 0.1]
[0.8 0.1 0.1]
[0.8 0.1 0.1]
[0.8 0.1 0.1]
[0.8 0.1 0.1]
[0.8 0.1 0.1]
[0.8 0.1 0.1]
[0.8 0.1 0.1]
[0.8 0.1 0.1]
[0.8 0.1 0.1]
[0.8 0.1 0.1]
[0.8 0.1 0.1]
[0.8 0.1 0.1]
[0.8 0.1 0.1]
[0.8 0.1 0.1]
[0.8 0.1 0.1]
[0.8 0.1 0.1]
[0.8 0.1 0.1]
[0.8 0.1 0.1]
[0.8 0.1 0.1]
[0.8 0.1 0.1]
[0.8 0.1 0.1]
[0.8 0.1 0.1]
[0.8 0.1 0.1]
[0.8 0.1 0.1]
[0.8 0.1 0.1]
[0.8 0.1 0.1]
[0.8 0.1 0.1]
[0.8 0.1 0.1]
[0.8 0.1 0.1]
[0.8 0.1 0.1]
[0.8 0.1 0.1]
[0.8 0.1 0.1]
[0.8 0.1 0.1]
[0.8 0.1 0.1]
[0.8 0.1 0.1]
[0.8 0.1 0.1]
[0.8 0.1 0.1]
[0.8 0.1 0.1]
[0.8 0.1 0.1]
[0.8 0.1 0.1]
[0.8 0.1 0.1]
[0.8 0.1 0.1]
[0.8 0.1 0.1]
[0.8 0.1 0.1]
[0.8 0.1 0.1]
[0.8 0.1 0.1]
[0.8 0.1 0.1]
[0.8 0.1 0.1]
[0.8 0.1 0.1]
[0.8 0.1 0.1]
[0.8 0.1 0.1]
[0.8 0.1 0.1]
[0.8 0.1 0.1]
[0.8 0.1 0.1]
[0.8 0.1 0.1]
[0.8 0.1 0.1]
[0.8 0.1 0.1]
[0.8 0.1 0.1]
[0.8 0.1 0.1]
[0.8 0.1 0.1]
[0.8 0.1 0.1]
[0.8 0.1 0.1]
[0.8 0.1 0.1]
[0.8 0.1 0.1]
[0.8 0.1 0.1]
[0.8 0.1 0.1]
[0.8 0.1 0.1]
[0.8 0.1 0.1]
[0.8001942402564542  0.09990287987177289 0.09990287987177289]
[0.8 0.1 0.1]
[0.8 0.1 0.1]
[0.8 0.1 0.1]
[0.8 0.1 0.1]
[0.8 0.1 0.1]
[0.8 0.1 0.1]
[0.8 0.1 0.1]
[0.8 0.1 0.1]
[0.8 0.1 0.1]
[0.8 0.1 0.1]
[0.8 0.1 0.1]
[0.8 0.1 0.1]
[0.799998750871687   0.10000140526935214 0.10000140526935214]
[0.8 0.1 0.1]
[0.8 0.1 0.1]
[0.8 0.1 0.1]
[0.7992189261352699  0.09990236576690874 0.10087870809782148]
[0.8 0.1 0.1]
[0.8001942911497871  0.09990285442510645 0.09990285442510645]
[0.8 0.1 0.1]
[0.8 0.1 0.1]
[0.8 0.1 0.1]
[0.8 0.1 0.1]
[0.8 0.1 0.1]
[0.8 0.1 0.1]
[0.8 0.1 0.1]
[0.8 0.1 0.1]
[0.8 0.1 0.1]
[0.8 0.1 0.1]
[0.8 0.1 0.1]
[0.8 0.1 0.1]
[0.8 0.1 0.1]
[0.8 0.1 0.1]
[0.8 0.1 0.1]
[0.8 0.1 0.1]
[0.8 0.1 0.1]
[0.8 0.1 0.1]
[0.8 0.1 0.1]
[0.8 0.1 0.1]
[0.8 0.1 0.1]
[0.8 0.1 0.1]
[0.8 0.1 0.1]
[0.8 0.1 0.1]
[0.8 0.1 0.1]
[0.8 0.1 0.1]
[0.8 0.1 0.1]
[0.8 0.1 0.1]
[0.8 0.1 0.1]
[0.7999977944551447  0.10000248123796222 0.10000248123796222]
[0.8 0.1 0.1]
[0.7992187318290317  0.09990234147862896 0.1008789266923394 ]
[0.8 0.1 0.1]
[0.8 0.1 0.1]
[0.8 0.1 0.1]
[0.8 0.1 0.1]
[0.8 0.1 0.1]
[0.8 0.1 0.1]
[0.8 0.1 0.1]
[0.8 0.1 0.1]
[0.8 0.1 0.1]
[0.8 0.1 0.1]
[0.8 0.1 0.1]
[0.8 0.1 0.1]
[0.8 0.1 0.1]
[0.8 0.1 0.1]
[0.8 0.1 0.1]
[0.8 0.1 0.1]
[0.8 0.1 0.1]
[0.7992191072072597  0.09990238840090747 0.10087850439183282]
[0.8 0.1 0.1]
[0.8 0.1 0.1]
[0.8 0.1 0.1]
[0.8 0.1 0.1]
[0.8001934825389245  0.09990325873053776 0.09990325873053776]
[0.8 0.1 0.1]
[0.8 0.1 0.1]
[0.8 0.1 0.1]
[0.8 0.1 0.1]
[0.8 0.1 0.1]
[0.8 0.1 0.1]
[0.8 0.1 0.1]
[0.8 0.1 0.1]
[0.8 0.1 0.1]
[0.8 0.1 0.1]
[0.8 0.1 0.1]
[0.8 0.1 0.1]
[0.8 0.1 0.1]
[0.8 0.1 0.1]
[0.8 0.1 0.1]
[0.8 0.1 0.1]
[0.8 0.1 0.1]
[0.8 0.1 0.1]
[0.8 0.1 0.1]
[0.8 0.1 0.1]
[0.8 0.1 0.1]
[0.8 0.1 0.1]
[0.8 0.1 0.1]
[0.8 0.1 0.1]
[0.8 0.1 0.1]
[0.8 0.1 0.1]
[0.8 0.1 0.1]
[0.8 0.1 0.1]
[0.8 0.1 0.1]
[0.8 0.1 0.1]
[0.8 0.1 0.1]
[0.8000001965154031  0.10000088431931384 0.09999990174229847]
[0.8 0.1 0.1]
[0.8 0.1 0.1]
[0.7992197920114091  0.09990247400142614 0.10087773398716479]
[0.8 0.1 0.1]
[0.8 0.1 0.1]
[0.8 0.1 0.1]
[0.8 0.1 0.1]
[0.8 0.1 0.1]
[0.8 0.1 0.1]
[0.8 0.1 0.1]
[0.8 0.1 0.1]
[0.8 0.1 0.1]
[0.8 0.1 0.1]
[0.8 0.1 0.1]
[0.8 0.1 0.1]
[0.8 0.1 0.1]
[0.8 0.1 0.1]
[0.8 0.1 0.1]
[0.8 0.1 0.1]
[0.8 0.1 0.1]
[0.8 0.1 0.1]
[0.8 0.1 0.1]
[0.8 0.1 0.1]
[0.8 0.1 0.1]
[0.8 0.1 0.1]
[0.8 0.1 0.1]
[0.8 0.1 0.1]
[0.8 0.1 0.1]
[0.8 0.1 0.1]
[0.8 0.1 0.1]
[0.8 0.1 0.1]
[0.8 0.1 0.1]
[0.8 0.1 0.1]
[0.8 0.1 0.1]
[0.8000551303293169  0.10024808648192561 0.0999724348353416 ]
[0.8 0.1 0.1]
[0.7992187903519682  0.09990234879399602 0.10087886085403584]
[0.8 0.1 0.1]
[0.8 0.1 0.1]
[0.8 0.1 0.1]
[0.8 0.1 0.1]
[0.8 0.1 0.1]
[0.8 0.1 0.1]
[0.8 0.1 0.1]
[0.8 0.1 0.1]
[0.8 0.1 0.1]
[0.8 0.1 0.1]
[0.8 0.1 0.1]
[0.8 0.1 0.1]
[0.8 0.1 0.1]
[0.8 0.1 0.1]
[0.8 0.1 0.1]
[0.8 0.1 0.1]
[0.8 0.1 0.1]
[0.8 0.1 0.1]
[0.8 0.1 0.1]
[0.8 0.1 0.1]
[0.8 0.1 0.1]
[0.8 0.1 0.1]
[0.8 0.1 0.1]
[0.8 0.1 0.1]
[0.8 0.1 0.1]
[0.8 0.1 0.1]
[0.8 0.1 0.1]
[0.8 0.1 0.1]
[0.8 0.1 0.1]
[0.8 0.1 0.1]
[0.8 0.1 0.1]
[0.8 0.1 0.1]
[0.8 0.1 0.1]
[0.8 0.1 0.1]
[0.8 0.1 0.1]
[0.8 0.1 0.1]
[0.8 0.1 0.1]
[0.8 0.1 0.1]
[0.8 0.1 0.1]
[0.8 0.1 0.1]
[0.8 0.1 0.1]
[0.8 0.1 0.1]
[0.8 0.1 0.1]
[0.8 0.1 0.1]
[0.8 0.1 0.1]
[0.8 0.1 0.1]
[0.8 0.1 0.1]
[0.8 0.1 0.1]
[0.8 0.1 0.1]
[0.8 0.1 0.1]
[0.8 0.1 0.1]
[0.8 0.1 0.1]
[0.8 0.1 0.1]
[0.8 0.1 0.1]
[0.8 0.1 0.1]
[0.8 0.1 0.1]
[0.8 0.1 0.1]
[0.8 0.1 0.1]
[0.8 0.1 0.1]
[0.8 0.1 0.1]
[0.8001854120553074  0.09990729397234636 0.09990729397234636]
[0.8 0.1 0.1]
[0.8 0.1 0.1]
[0.8 0.1 0.1]
[0.8 0.1 0.1]
[0.8 0.1 0.1]
[0.8 0.1 0.1]
[0.8 0.1 0.1]
[0.8 0.1 0.1]
[0.8 0.1 0.1]
[0.8 0.1 0.1]
[0.8 0.1 0.1]
[0.8 0.1 0.1]
[0.8 0.1 0.1]
[0.8 0.1 0.1]
[0.8 0.1 0.1]
[0.7999946612360169  0.10000600610948096 0.10000600610948096]
[0.8 0.1 0.1]
[0.8 0.1 0.1]
[0.8 0.1 0.1]
[0.8 0.1 0.1]
[0.8 0.1 0.1]
[0.8 0.1 0.1]
[0.8 0.1 0.1]
[0.8 0.1 0.1]
[0.8 0.1 0.1]
[0.8 0.1 0.1]
[0.8 0.1 0.1]
[0.8 0.1 0.1]
[0.8 0.1 0.1]
[0.8 0.1 0.1]
[0.8 0.1 0.1]
[0.8 0.1 0.1]
[0.8 0.1 0.1]
[0.8 0.1 0.1]
[0.8 0.1 0.1]
[0.8 0.1 0.1]
[0.8 0.1 0.1]
[0.8 0.1 0.1]
[0.8 0.1 0.1]
[0.8 0.1 0.1]
[0.8 0.1 0.1]
[0.8 0.1 0.1]
[0.7999977276142258  0.10000255643399598 0.10000255643399598]
[0.8 0.1 0.1]
[0.8 0.1 0.1]
[0.8 0.1 0.1]
[0.8 0.1 0.1]
[0.8 0.1 0.1]
[0.8 0.1 0.1]
[0.8 0.1 0.1]
[0.8 0.1 0.1]
[0.8 0.1 0.1]
[0.8001944169453395  0.09990279152733025 0.09990279152733025]
[0.8 0.1 0.1]
[0.8 0.1 0.1]
[0.8 0.1 0.1]
[0.8 0.1 0.1]
[0.8 0.1 0.1]
[0.8 0.1 0.1]
[0.8 0.1 0.1]
[0.8 0.1 0.1]
[0.8 0.1 0.1]
[0.8 0.1 0.1]
[0.8 0.1 0.1]
[0.8 0.1 0.1]
[0.8 0.1 0.1]
[0.8 0.1 0.1]
[0.8 0.1 0.1]
[0.8 0.1 0.1]
[0.8 0.1 0.1]
[0.8 0.1 0.1]
[0.8 0.1 0.1]
[0.8 0.1 0.1]
[0.8 0.1 0.1]
[0.8 0.1 0.1]
[0.8 0.1 0.1]
[0.8 0.1 0.1]
[0.8 0.1 0.1]
[0.8 0.1 0.1]
[0.8000002010667752  0.09999989946661245 0.10000090480048802]
[0.8 0.1 0.1]
[0.8 0.1 0.1]
[0.8 0.1 0.1]
[0.8 0.1 0.1]
[0.8 0.1 0.1]
[0.8 0.1 0.1]
[0.8 0.1 0.1]
[0.8 0.1 0.1]
[0.8 0.1 0.1]
[0.8 0.1 0.1]
[0.8 0.1 0.1]
[0.8 0.1 0.1]
[0.8 0.1 0.1]
[0.8 0.1 0.1]
[0.8 0.1 0.1]
[0.8 0.1 0.1]
[0.8 0.1 0.1]
[0.8 0.1 0.1]
[0.8 0.1 0.1]
[0.8 0.1 0.1]
[0.8 0.1 0.1]
[0.8 0.1 0.1]
[0.8 0.1 0.1]
[0.8 0.1 0.1]
[0.8 0.1 0.1]
[0.8 0.1 0.1]
[0.8 0.1 0.1]
[0.8 0.1 0.1]
[0.8 0.1 0.1]
[0.8 0.1 0.1]
[0.8 0.1 0.1]
[0.8 0.1 0.1]
[0.8 0.1 0.1]
[0.8 0.1 0.1]
[0.8 0.1 0.1]
[0.8 0.1 0.1]
[0.8 0.1 0.1]
[0.8 0.1 0.1]
[0.8 0.1 0.1]
[0.8 0.1 0.1]
[0.8 0.1 0.1]
[0.8 0.1 0.1]
[0.8 0.1 0.1]
[0.8 0.1 0.1]
[0.8 0.1 0.1]
[0.8 0.1 0.1]
[0.8 0.1 0.1]
[0.8 0.1 0.1]
[0.8 0.1 0.1]
[0.8 0.1 0.1]
[0.8 0.1 0.1]
[0.8 0.1 0.1]
[0.8 0.1 0.1]
[0.8 0.1 0.1]
[0.8 0.1 0.1]
[0.8 0.1 0.1]
[0.8 0.1 0.1]
[0.8 0.1 0.1]
[0.8 0.1 0.1]
[0.8 0.1 0.1]
[0.8 0.1 0.1]
[0.8 0.1 0.1]
[0.8 0.1 0.1]
[0.8 0.1 0.1]
[0.8 0.1 0.1]
[0.8 0.1 0.1]
[0.8 0.1 0.1]
[0.8 0.1 0.1]
[0.7992188225880463  0.09990235282350579 0.10087882458844799]
[0.8 0.1 0.1]
[0.8 0.1 0.1]
[0.8 0.1 0.1]
[0.8 0.1 0.1]
[0.8 0.1 0.1]
[0.8 0.1 0.1]
[0.8 0.1 0.1]
[0.8 0.1 0.1]
[0.8 0.1 0.1]
[0.8 0.1 0.1]
[0.8 0.1 0.1]
[0.8 0.1 0.1]
[0.8 0.1 0.1]
[0.8 0.1 0.1]
[0.8 0.1 0.1]
[0.8 0.1 0.1]
[0.8 0.1 0.1]
[0.8 0.1 0.1]
[0.8 0.1 0.1]
[0.8 0.1 0.1]
[0.8 0.1 0.1]
[0.8 0.1 0.1]
[0.8 0.1 0.1]
[0.8 0.1 0.1]
[0.8 0.1 0.1]
[0.8 0.1 0.1]
[0.8 0.1 0.1]
[0.8 0.1 0.1]
[0.8 0.1 0.1]
[0.8 0.1 0.1]
[0.8 0.1 0.1]
[0.8 0.1 0.1]
[0.8 0.1 0.1]
[0.8 0.1 0.1]
[0.8 0.1 0.1]
[0.8 0.1 0.1]
[0.8 0.1 0.1]
[0.8 0.1 0.1]
[0.8 0.1 0.1]
[0.8 0.1 0.1]
[0.8 0.1 0.1]
[0.8 0.1 0.1]
[0.8 0.1 0.1]
[0.8 0.1 0.1]
[0.8 0.1 0.1]
[0.8 0.1 0.1]
[0.8 0.1 0.1]
[0.8 0.1 0.1]
[0.8 0.1 0.1]
[0.8 0.1 0.1]
[0.8 0.1 0.1]
[0.8 0.1 0.1]
[0.8 0.1 0.1]
[0.8 0.1 0.1]
[0.8 0.1 0.1]
[0.8 0.1 0.1]
[0.8 0.1 0.1]
[0.8 0.1 0.1]
[0.8 0.1 0.1]
[0.8 0.1 0.1]
[0.8 0.1 0.1]
[0.8 0.1 0.1]
[0.8 0.1 0.1]
[0.8 0.1 0.1]
[0.8 0.1 0.1]
[0.8 0.1 0.1]
[0.8 0.1 0.1]
[0.8 0.1 0.1]
[0.8 0.1 0.1]
[0.8 0.1 0.1]
[0.8 0.1 0.1]
[0.8 0.1 0.1]
[0.8 0.1 0.1]
[0.8 0.1 0.1]
[0.8 0.1 0.1]
[0.8 0.1 0.1]
[0.8 0.1 0.1]
[0.8 0.1 0.1]
[0.8 0.1 0.1]
[0.8 0.1 0.1]
[0.8 0.1 0.1]
[0.8 0.1 0.1]
[0.8 0.1 0.1]
[0.8 0.1 0.1]
[0.8 0.1 0.1]
[0.8 0.1 0.1]
[0.8 0.1 0.1]
[0.8 0.1 0.1]
[0.8 0.1 0.1]
[0.8 0.1 0.1]
[0.8 0.1 0.1]
[0.8 0.1 0.1]
[0.8 0.1 0.1]
[0.8 0.1 0.1]
[0.8 0.1 0.1]
[0.8 0.1 0.1]
[0.8 0.1 0.1]
[0.8 0.1 0.1]
[0.8 0.1 0.1]
[0.8 0.1 0.1]
[0.8 0.1 0.1]
[0.8 0.1 0.1]
[0.8 0.1 0.1]
[0.8 0.1 0.1]
[0.8 0.1 0.1]
[0.8 0.1 0.1]
[0.8 0.1 0.1]
[0.8 0.1 0.1]
[0.8 0.1 0.1]
[0.8 0.1 0.1]
[0.8 0.1 0.1]
[0.8 0.1 0.1]
[0.8 0.1 0.1]
[0.8 0.1 0.1]
[0.8 0.1 0.1]
[0.8 0.1 0.1]
[0.8 0.1 0.1]
[0.8 0.1 0.1]
[0.8 0.1 0.1]
[0.8 0.1 0.1]
[0.8 0.1 0.1]
[0.8 0.1 0.1]
[0.8 0.1 0.1]
[0.8 0.1 0.1]
[0.8 0.1 0.1]
[0.8 0.1 0.1]
[0.8 0.1 0.1]
[0.8 0.1 0.1]
[0.8 0.1 0.1]
[0.8 0.1 0.1]
[0.8 0.1 0.1]
[0.8 0.1 0.1]
[0.8 0.1 0.1]
[0.8 0.1 0.1]
[0.8 0.1 0.1]
[0.8 0.1 0.1]
[0.8 0.1 0.1]
[0.8 0.1 0.1]
[0.8 0.1 0.1]
[0.8 0.1 0.1]
[0.8 0.1 0.1]
[0.8 0.1 0.1]
[0.8 0.1 0.1]
[0.8 0.1 0.1]
[0.8 0.1 0.1]
[0.8 0.1 0.1]
[0.8 0.1 0.1]
[0.8 0.1 0.1]
[0.8 0.1 0.1]
[0.8 0.1 0.1]
[0.8 0.1 0.1]
[0.8 0.1 0.1]
[0.8 0.1 0.1]
[0.8 0.1 0.1]
[0.8 0.1 0.1]
[0.8 0.1 0.1]
[0.8 0.1 0.1]
[0.8 0.1 0.1]
[0.8 0.1 0.1]
[0.8 0.1 0.1]
[0.8 0.1 0.1]
[0.8 0.1 0.1]
[0.8 0.1 0.1]
[0.8 0.1 0.1]
[0.8 0.1 0.1]
[0.8 0.1 0.1]
[0.8 0.1 0.1]
[0.8 0.1 0.1]
[0.8 0.1 0.1]
[0.8001951586883397 0.0999024206558302 0.0999024206558302]
[0.8 0.1 0.1]
[0.8 0.1 0.1]
[0.8 0.1 0.1]
[0.8 0.1 0.1]
[0.8 0.1 0.1]
[0.8 0.1 0.1]
[0.8 0.1 0.1]
[0.8 0.1 0.1]
[0.8 0.1 0.1]
[0.8 0.1 0.1]
[0.8 0.1 0.1]
[0.8 0.1 0.1]
[0.8 0.1 0.1]
[0.8 0.1 0.1]
[0.8 0.1 0.1]
[0.8 0.1 0.1]
[0.8 0.1 0.1]
[0.8 0.1 0.1]
[0.8 0.1 0.1]
[0.8 0.1 0.1]
[0.8 0.1 0.1]
[0.8 0.1 0.1]
[0.8 0.1 0.1]
[0.8 0.1 0.1]
[0.8 0.1 0.1]
[0.8 0.1 0.1]
[0.8 0.1 0.1]
[0.8 0.1 0.1]
[0.8 0.1 0.1]
[0.8 0.1 0.1]
[0.8 0.1 0.1]
[0.8 0.1 0.1]
[0.8 0.1 0.1]
[0.8 0.1 0.1]
[0.8 0.1 0.1]
[0.8 0.1 0.1]
[0.8 0.1 0.1]
[0.8 0.1 0.1]
[0.8 0.1 0.1]
[0.8 0.1 0.1]
[0.8 0.1 0.1]
[0.8 0.1 0.1]
[0.8 0.1 0.1]
[0.8 0.1 0.1]
[0.8 0.1 0.1]
[0.8 0.1 0.1]
[0.8 0.1 0.1]
[0.8 0.1 0.1]
[0.8 0.1 0.1]
[0.8 0.1 0.1]
[0.8 0.1 0.1]
[0.8 0.1 0.1]
[0.8 0.1 0.1]
[0.8 0.1 0.1]
[0.8 0.1 0.1]
[0.8 0.1 0.1]
[0.8 0.1 0.1]
[0.8 0.1 0.1]
[0.8 0.1 0.1]
[0.8 0.1 0.1]
[0.8 0.1 0.1]
[0.8 0.1 0.1]
[0.8 0.1 0.1]
[0.8 0.1 0.1]
[0.8 0.1 0.1]
[0.8 0.1 0.1]
[0.8 0.1 0.1]
[0.8 0.1 0.1]
[0.8 0.1 0.1]
[0.8 0.1 0.1]
[0.8 0.1 0.1]
[0.8 0.1 0.1]
[0.8 0.1 0.1]
[0.8 0.1 0.1]
[0.8 0.1 0.1]
[0.8 0.1 0.1]
[0.8 0.1 0.1]
[0.8 0.1 0.1]
[0.8 0.1 0.1]
[0.8 0.1 0.1]
[0.8 0.1 0.1]
[0.8 0.1 0.1]
[0.8 0.1 0.1]
[0.8 0.1 0.1]
[0.8 0.1 0.1]
[0.8 0.1 0.1]
[0.8 0.1 0.1]
[0.8 0.1 0.1]
[0.8 0.1 0.1]
[0.8 0.1 0.1]
[0.8 0.1 0.1]
[0.8 0.1 0.1]
[0.8 0.1 0.1]
[0.8 0.1 0.1]
[0.8 0.1 0.1]
[0.8 0.1 0.1]
[0.8 0.1 0.1]
[0.8 0.1 0.1]
[0.8 0.1 0.1]
[0.8 0.1 0.1]
[0.8 0.1 0.1]
[0.8 0.1 0.1]
[0.8 0.1 0.1]
[0.8 0.1 0.1]
[0.8 0.1 0.1]
[0.8 0.1 0.1]
[0.8 0.1 0.1]
[0.8 0.1 0.1]
[0.8 0.1 0.1]
[0.8 0.1 0.1]
[0.8 0.1 0.1]
[0.8 0.1 0.1]
[0.8 0.1 0.1]
[0.8 0.1 0.1]
[0.8 0.1 0.1]
[0.8 0.1 0.1]
[0.8 0.1 0.1]
[0.8 0.1 0.1]
[0.8 0.1 0.1]
[0.8 0.1 0.1]
[0.8 0.1 0.1]
[0.8 0.1 0.1]
[0.8 0.1 0.1]
[0.8 0.1 0.1]
[0.8 0.1 0.1]
[0.8000001202178427  0.10000054098029199 0.09999993989107868]
[0.8 0.1 0.1]
[0.8 0.1 0.1]
[0.8 0.1 0.1]
[0.8 0.1 0.1]
[0.8001982273762734 0.0999008863118633 0.0999008863118633]
[0.8 0.1 0.1]
[0.8 0.1 0.1]
[0.8 0.1 0.1]
[0.8 0.1 0.1]
[0.8 0.1 0.1]
[0.8 0.1 0.1]
[0.8 0.1 0.1]
[0.8 0.1 0.1]
[0.8 0.1 0.1]
[0.8 0.1 0.1]
[0.8 0.1 0.1]
[0.8 0.1 0.1]
