Contribution rate:
[0.23108955 0.21797741 0.11804798 0.10592823 0.07371849 0.06536263]
Coefficient matrix:
[[-0.37959578 -0.22009487  0.28738408  0.44613771  0.01123064  0.0031659
   0.30227015 -0.05381099  0.39391311  0.0847661   0.13509854  0.17885789
   0.46235984 -0.07118005]
 [-0.36568755  0.10766297 -0.04776745 -0.23124749 -0.26632059 -0.26783234
  -0.1673442   0.50746429  0.10876756  0.51651641  0.036781    0.26424553
  -0.10426773  0.10034628]
 [ 0.08045652 -0.5163037  -0.02261014 -0.02659006 -0.394575   -0.09150398
   0.20516928  0.04169381 -0.15127367  0.00649479  0.50976344 -0.33453523
  -0.09910079  0.33663676]
 [-0.12427501  0.00503509  0.38629517  0.04281782  0.31057452  0.58681052
  -0.03166474  0.24019757 -0.4342101   0.23083198  0.27634436  0.02266198
  -0.11341481 -0.04907031]
 [ 0.14611991 -0.07973944  0.25975129  0.09373728  0.00269419  0.07697775
  -0.21375274  0.01656204 -0.05166787 -0.04288625 -0.36390015  0.1990968
   0.17523327  0.7980335 ]
 [-0.03599919  0.13269332  0.60328793 -0.23486704 -0.0637952  -0.25323546
  -0.13549765 -0.06410868  0.01025483  0.13711766 -0.16265101 -0.6096913
   0.20108587 -0.11742808]]