Contribution rate:
[0.29313461 0.20929493 0.13954533 0.10860915 0.0829337 ]
Coefficient matrix:
[[-0.14641979 -0.27006895 -0.01837964  0.0719901   0.33674734  0.35263836
   0.4114506   0.25638408  0.06711865  0.31834827  0.39900383  0.38826865
  -0.09064488  0.05747183]
 [ 0.40775905 -0.29879448 -0.35417334 -0.47928503  0.22104662 -0.13246236
  -0.11824304 -0.27352096 -0.13667197  0.05214685  0.1832878   0.15188192
   0.37020706 -0.1377831 ]
 [-0.04258486 -0.19707982  0.19653862  0.10266288  0.20669914 -0.04414221
   0.0657089  -0.00589923 -0.57074565 -0.43503501  0.05182298 -0.01947042
   0.13152833  0.57077401]
 [ 0.29474299 -0.37634946 -0.40597035  0.08760914 -0.10379042 -0.21350214
   0.02527572  0.40304559  0.04066615  0.23094686 -0.18081449 -0.32093887
  -0.28668672  0.32662675]
 [ 0.25198136 -0.29055064  0.43987228  0.29945101  0.03881096  0.05550393
  -0.33496153  0.06082659  0.31551234  0.2038998  -0.26010783  0.20986834
   0.41670519  0.14823605]]